999549083
999916912
999811964
999412420
999412421
998278676
999412417
999691541
999230551
999691533
999691534
999230545
999230542
999661584
1000137546
997760190
1000134099
999408205
999684671
999960819
999570890
999684667
1000051339
999524481
999631011
999457198
999276115
998136745
998265441
1000052422
999569575
999107911
999935691
999935685
999935684
999935687
997886468
998384486
998133968
998559664
999058434
999058439
998559666
999447991
999445573
998230534
998230535
998230538
998230539
998165620
999910988
998631258
999910986
999366403
1000149684
998631255
998165615
998165616
998165619
998624794
999680494
999654677
999958333
1000049875
1000131049
999691537
999448942
999921341
999403458
999658682
999366486
999366487
998165951
1000083247
999538379
997979104
999243643
999673668
997894735
997894734
999594368
997834088
997834084
1000041333
997834083
999654330
999235868
999235867
1000134944
998293584
999370624
999370622
998301694
999922739
999346642
999449630
998163180
998163181
998163178
998397325
999736833
999599770
999779534
999246156
1000142680
1000052574
999386956
998416454
999386958
997898277
998924037
999386961
998097171
998658564
1000002536
999504649
998449290
998164129
998106212
999370200
998020057
1000010463
998256633
999821033
998256634
999242296
999682912
999820549
997836016
999241785
998450691
999241789
999572575
998120622
999949299
999692400
999646811
1000121144
1000058634
999230386
999230382
998570560
998570561
999966498
998519124
999935854
998372862
999093846
999498017
999665706
999665709
999665705
998599389
999361324
998599391
998892974
997856371
999791635
997967016
999512908
999964524
1000044160
999819964
999215519
1000044156
1000041083
999774707
998714935
999102408
999153904
1000124353
999808031
998646360
998565395
999574106
999219691
999254852
999219687
998557375
999444451
999698217
998601341
999922393
997887022
998234541
998601334
1000131170
999204152
998100253
999246741
999947198
999710085
999710088
998354977
999558696
997900342
997889023
999710372
1000005447
997820165
999676067
999675818
999475486
1000144743
999639798
998026258
999232336
998125537
999098066
999243077
999685504
998589048
1000110209
1000110206
999099671
999240851
999866340
999866338
999866336
997980961
1000148937
999086816
999237681
998570334
998570336
999863356
998229115
998751250
999234739
999235008
1000082940
999235010
998602786
999445341
999236886
1000151514
997758597
998364758
999713895
1000006512
999157110
998384705
999962414
998414800
998054429
999959219
998927580
999386651
1000048129
999233604
999233608
999600877
999600876
999600878
999577617
999632012
997936276
997845820
999199135
999907400
999233825
999918647
998387976
999907399
998712815
999654753
999926935
998234755
997831909
999658800
998234756
999594282
998764382
999594287
999559309
999594288
999594291
998764390
998111959
1000153237
999776829
997770562
999977889
1000001889
1000068340
999659993
997853883
998967057
998946712
999620754
1000068339
999647138
997818233
997818234
999444342
997818236
999562433
998210779
999977888
997879662
1000134077
998344894
999317991
999873604
998659174
999540788
999524461
999253902
998359976
997828139
1000137906
1000147965
1000149044
1000147970
999123797
999935671
999003153
998311494
999410024
999410027
999410028
999410029
997767295
997767294
999058418
1000008129
999562170
997767300
1000118948
998368772
998228927
1000051852
998517024
1000051859
998548253
999636735
1000064825
998165558
997821109
1000138723
998685839
998150766
998626866
999878267
998626868
999093758
999250029
997990092
999837481
999366471
999538394
998370594
999397084
998401002
999673685
999229026
999228805
1000113405
998172588
997805817
999658700
997805813
997805814
998105812
999815209
999209915
998892732
999506665
998283171
998278193
999656487
998011560
997914179
999656028
1000142658
997970318
999786051
997901576
999386978
997898259
1000136148
998599453
998676771
1000080401
999507250
999536092
999940617
999940621
999435500
999709630
1000002912
999917814
997861430
998724589
998724584
998364451
998230348
1000113934
999918548
999918543
1000113937
999580680
999241767
999522828
999241762
1000154789
1000154788
999781111
1000154785
999910362
999938687
998120605
999822496
1000138531
999340086
997827040
999915948
999915942
999819958
998118057
998118054
999819952
998019404
998556423
998556428
999123586
998019410
999487982
999652496
999652494
999498000
999497997
999665727
999665726
998599365
1000146653
1000000571
998599367
999045838
1000032636
999045841
999366638
997846321
999542134
999674504
999138574
998137567
1000133119
999734506
998141712
999767660
999230371
999154149
999230362
999230368
997922043
997922042
998565376
998421541
998565372
999864267
998018939
999296474
999710959
999586941
997928764
997827664
999658114
997902151
999411016
998629516
999710178
999710179
1000026249
1000026245
1000090636
999240206
998149864
998671672
1000143370
998715164
999710399
999251021
998715060
997765676
999097394
997806603
999220326
999529666
1000110188
998117497
999610805
998608053
999820185
998969796
997885233
999820188
1000124349
1000124348
999617547
1000124344
1000124343
997858163
1000124351
1000124350
1000151538
1000151536
999654596
1000151534
998032900
999654592
998967380
999870909
999691913
999994216
999943522
998120041
999943524
999943525
997774628
999654374
999654373
999599017
999808092
998997557
1000096628
999236862
999915567
997758614
997902258
999921545
999921542
999921543
999531084
999608031
1000109939
997781138
1000083708
997830945
998181532
998181533
999103516
998119413
999264955
999264954
999264959
999922737
997831668
997831664
997831662
1000008133
998201731
999915630
999915631
999568054
999811774
1000150721
998673933
998658748
998221579
998658746
999907414
1000150712
999230172
997924184
999691767
999928509
999594269
997769332
999594262
997769341
997769340
1000098984
999594270
998599837
998599838
998445416
997844788
1000144234
999526245
998382709
998140351
1000001910
999491797
998140344
997853868
998140349
999661625
997853864
998600530
999764618
998953075
1000068321
999481159
999532456
998600128
999710464
997836453
999244577
1000125563
997836459
999822670
999132048
1000125570
998228493
998131505
998131504
997943396
999654427
999480864
999239289
999550153
998530541
998661795
999107947
998230768
999107949
999232408
999231124
999654431
998969223
999123817
998969226
999123814
999636896
999935729
999935723
998384522
997851410
999210115
997767275
998018216
1000008107
997777322
998018212
1000008103
1000008104
1000052166
1000052165
998260823
999785029
999491503
998238057
999942861
999505781
999879795
998384169
1000149728
999879797
999879800
998208801
999724397
998963606
997821091
997966336
1000026303
998714731
998149987
999539717
998626885
999850236
998626882
999403500
999093777
998710827
998898670
999525010
998898663
999100370
999371838
999371833
999659347
999386959
999833409
999228824
999228822
1000150663
999228828
999523334
999412243
998143744
1000151134
998368020
997783920
997909710
999371574
999371578
999779505
999779503
999862660
998386053
1000134190
998240213
999958707
999958706
999958705
999958702
1000150434
1000150435
999499038
999928259
999475259
999572423
999617227
998676791
999960077
1000113430
999327095
1000113422
1000113423
1000113424
1000113425
1000113428
999610996
997967628
997931227
997899995
999637783
999342947
997885422
997930109
998693091
1000119378
1000119376
998570551
1000119374
1000119375
997843889
998570544
1000110723
1000119380
999819942
999816121
1000154810
999389291
997881747
1000154807
1000154806
998179790
999816112
1000109375
1000109373
998105407
998278021
998278015
998278013
998278019
998278016
998336640
999236657
999915130
1000027296
998658611
1000002501
999910243
997773144
999340396
999910250
999365866
998514743
999497978
999037645
999275963
999959998
997985535
999090859
999246098
997760372
1000157117
998262886
997760381
999810773
999671138
997961040
999967431
999313557
1000044193
999575172
999397500
999526553
1000010716
998019427
999235738
999520317
999229297
998565355
997988841
998232279
998709346
999658056
999658054
998990626
999091543
999739054
998600297
998688504
1000137699
998600301
1000133810
998262921
998262920
998591773
999325134
997847372
999629538
998262919
998262918
999677483
999677488
999229147
999402235
999958917
997900305
999107830
998964269
999861039
999403576
999403577
999403579
1000040785
999403574
999403575
999403580
999408250
998233313
1000110167
999861056
1000044131
999408247
999251242
1000149447
1000123992
998372469
999710159
999342247
999265775
998246897
999654578
999713933
999654574
1000006680
999244397
1000006672
1000006407
999403432
999561897
999547268
998213353
999650658
999650656
999943545
998115192
1000138121
998259581
998247987
1000090955
999241099
1000132898
1000106292
998230224
999819811
1000144036
999819804
999410935
997834049
999819803
998221956
1000064506
998427061
998148565
998538059
999233569
1000151448
999342098
1000119842
999654890
999007507
999264978
999264976
999264975
999264972
997930646
999448342
999264980
999813882
999235046
998009884
998177437
999001418
999353674
999045991
999341203
999389609
998603478
998236958
998236957
998118554
999594331
999314745
998688983
999594326
999594329
1000007664
999594324
999959862
1000136820
998111394
998278136
998278138
999692694
1000111242
998377321
999813794
999507833
999507839
997896081
1000052075
999230385
1000052078
997896074
997896075
999243622
999276802
997986393
999371101
1000150585
999481036
999318314
999149000
997818083
1000045171
998066767
998066766
998131529
999647827
1000154617
998108134
1000154612
997943417
999525276
998622919
999457172
998692282
999457175
999935853
1000150315
1000148009
999230552
999935711
998019578
999935704
999935709
999935708
999971315
999971314
999443469
1000064669
999058376
1000134227
1000134225
1000134224
1000129703
1000052186
999369319
1000052188
1000052189
997793900
1000052191
999561345
999210391
998550832
998169745
999254839
998222864
999798293
1000056249
999654706
998624781
1000052446
999058704
998542578
998714706
999654702
999093546
999093550
998565565
997936581
997936578
1000136759
997936575
997936573
999243587
1000052143
999105195
999105193
1000052144
999673727
997886956
998970877
998368816
999658660
999658658
999658655
998761966
997829251
999659991
999815918
999815915
999442112
1000114443
1000114445
1000002809
998278152
998278157
999958687
997984525
999958690
998107122
999576526
997893585
999385271
998962391
998962389
998962387
999475590
999268797
999280210
1000113367
1000113364
1000113362
1000113363
999631296
999862533
998401545
999922625
997945479
1000157057
999875307
999567903
999650871
999650870
998673705
1000082791
999631512
999631515
998231481
1000137766
998249846
999575747
999573909
998277999
999242535
1000023031
999191599
999593859
999593858
997819728
999620740
999659545
998215601
999697546
999233907
999861038
997884501
1000114538
999807493
1000051970
1000000540
999476233
999663693
999474852
1000111316
1000111314
1000089604
999574956
998139937
999236072
999984945
999236076
998713048
1000113889
999340416
999340417
997853844
997842158
999340413
997853849
999340415
999229278
999042883
997925488
998069264
998705231
999658651
1000020978
1000137676
999609872
999457222
1000028492
999870562
998629480
999659227
997847355
998100766
997847358
1000052530
1000052529
997847361
1000052527
999246674
999639524
999151568
999341065
999684498
998340138
999743965
999253968
999253969
998230579
999255460
998668579
998360321
998562506
999525637
999631374
999783682
998247733
997908656
999654303
999445410
999228470
999228471
997894794
999244416
998721825
999214672
1000101794
999542540
997766887
999050796
999710432
997820229
997826164
1000025164
999690832
999995477
999819829
999819822
999819823
999593730
999093338
997766804
999593722
999593723
999527148
998234382
999209619
999248942
998457801
1000041817
999234075
999935673
999816502
998132662
999811553
999453823
999811556
1000113558
998538081
998538080
999997808
1000150843
999264997
999807723
999264993
999807728
999264994
999241618
999241613
1000153115
999911715
997853477
999911719
997834492
998159865
999045965
999045912
997779971
999680345
999608116
999594305
999594304
999594303
999594302
999594307
999594306
999594310
999555272
999370921
999419437
999089560
1000120489
999674530
999674524
1000120486
999674529
999392820
997960309
999569042
999631924
999392818
999610064
999679372
999731916
1000052053
1000005777
999235675
1000052061
997885863
998719071
999538117
999108020
997863010
999247462
999239008
999239009
999239005
999570957
999570960
998231309
999812283
999199154
998450045
999646152
999646158
999646159
999646157
998662124
999230574
998070007
999660354
998019558
997785101
998317731
998764809
999364163
999366853
999443482
998317727
997767629
1000064722
1000064723
1000138200
998746282
999574481
999318257
999318254
999210406
1000051920
997853103
999571830
1000051913
999929985
999831895
998847790
998414857
999877706
999877707
998146296
999472385
999648678
999472387
997832347
999232462
998714684
998221973
998221979
999570523
999570524
999920639
999101360
997990079
997990077
999920632
999371792
998565584
999525043
998565582
1000134620
999656348
998116297
999243568
999243567
997781915
998517837
1000090214
999228967
999944673
998017954
998368837
997907214
999685829
999652080
999064720
999658674
999658673
998299325
999658678
999064718
999371617
999815894
999958086
998358526
999958091
998283231
997768585
1000031019
999856915
999856918
999960115
998111249
999104561
999228918
999237310
999237305
999237639
1000113389
999850412
999911117
998413601
1000041033
1000112913
997931191
999654520
1000115092
997886097
998139096
999709569
999654518
998967257
998152191
998762418
999875327
1000113242
998230290
1000113247
999911376
999911380
999822474
998277976
999927383
1000041424
998308680
997819264
999866147
998167150
998891956
998252067
998254477
1000028381
999504567
1000084226
1000133729
998746611
1000137038
1000083162
997947794
998967020
999915542
999915549
998219033
999807477
999903650
999241258
1000007644
999631498
999274266
1000111300
999219869
1000111298
999733833
999736585
999736587
998016651
999203221
999736590
999345058
998234605
999340436
998181168
999365172
999365174
1000007874
997914109
999215250
998100603
998124031
999307062
998918587
999563308
1000139869
1000013250
998019242
998219492
998013931
999286808
999246055
998100826
999402930
998146834
998943303
1000000230
998262951
999758125
1000113397
999251481
999278175
1000107797
999278173
1000107800
999558250
998171048
999639284
999448105
999204082
997806583
998232108
998232109
998232110
999630544
999710888
999297504
999654328
997894777
997894774
997894772
997894773
999600485
1000006445
999475776
1000090945
999475778
999475775
999773055
1000132856
998426051
999798068
999100910
999231659
998715624
999920969
1000136320
999228640
999342205
998164975
999003145
999449706
999713896
998001463
997927164
998491984
999265014
998237775
999265012
999265021
999714587
999235314
999689381
999815682
999689380
999387092
1000136041
999649831
999362852
999929845
999387098
999647054
997780281
1000151249
1000025112
998658683
998658979
998658978
998528988
998107764
998658980
998603519
999370860
999608100
1000020217
999608096
999920598
998249380
999666162
999472337
1000080167
1000018978
1000063201
999504779
999091605
999674506
999674509
999529529
997846833
999631904
997834971
998131779
999380931
997899842
998966605
999620331
998966611
999242908
999409303
1000153959
999237109
999915566
999915010
1000153961
999915564
999230343
999230772
999230773
999239027
999230780
997933145
999749856
998164255
999677412
999250737
999725990
999550445
998671159
999367768
999935747
999710137
999938776
1000134184
999133540
998439105
999318275
999240151
999571804
1000118834
998277946
999242085
998277948
998963583
999242086
999906744
998277950
999808641
998961847
998200473
999529568
999410941
999410940
999550213
999410934
999410937
999410936
999410938
998293880
999229870
998235071
999251324
999229863
998257609
999371098
999595671
999243630
998116315
999243628
999595669
999240265
999833386
998970920
998597261
999578853
999578852
999384670
1000063757
997901586
1000140662
999386965
999658962
999449651
1000052310
999958215
999293658
997758570
999861040
1000040484
997941707
998710492
999431151
999242086
998786725
999475313
999475317
999234781
999637622
997884116
1000002547
1000137648
999709532
999236322
998398212
999236328
999610722
997772194
999802816
998604147
999802814
999692772
1000151288
998230266
998230265
999769307
999693223
998379269
999531346
997889107
999675674
998121136
998277957
998277959
998277953
998449120
999285828
999233727
999285824
999233728
1000152857
998206138
999820036
999820034
999820041
999820040
997861020
997931166
999389522
998649838
999620695
999917826
997946783
1000052159
998599447
997980074
999650978
998450748
999650975
998163343
999264808
998231515
997845293
999242283
998714876
998205513
999494528
999002897
1000046745
999481901
999235365
999691690
999230446
998764238
998966998
1000052309
999595366
1000149036
999909537
999444426
999444423
998411929
999387199
999360204
999565337
999960184
999960188
999960191
999242056
999274289
999842203
999671142
999671143
997968085
999239188
1000081888
999737967
1000081884
997776308
997933720
998164470
999443422
999100103
999922878
998489053
999229622
998133086
998125479
998133082
999204106
998570221
998570217
999204111
999364906
1000050196
999058694
999058695
999058696
998961883
1000052489
1000052488
1000052487
997894756
997894758
997894759
999440190
997758906
997894761
998373062
999684990
999381340
998715140
1000114550
999724079
999246936
999884040
999246935
1000127953
999708419
999231672
998451641
998172199
999231677
999473286
997974292
999275388
999571510
1000134186
999654874
999267901
999671223
999671225
999240784
998448210
997834312
998234431
999235221
998246872
999201706
1000151456
1000151457
998355147
1000110627
999577269
999193560
997927222
998129425
1000150461
999651283
999747753
1000120479
999942955
1000120473
999238830
1000005788
1000005789
1000005786
1000005787
999711002
998111270
999246276
999908776
999711007
998131018
999387080
999962577
998414662
999656341
999962573
999314724
999608075
999608080
1000124159
999370712
999369133
999369134
998902833
999608186
998708283
1000083158
999866548
999915540
1000133715
997878952
999915536
999915537
999487800
999674489
999241727
998131758
998131756
998131754
997828553
999234538
998131761
999809630
999237131
999363138
999363134
1000114866
999439967
999367741
1000007138
998528951
998528949
999939938
999594240
999239051
999340715
999315906
999206168
999440131
999964311
997968618
997975660
997974852
1000068943
1000154150
1000111417
1000111419
999579418
999650820
999517655
999654895
999773320
999650816
999908591
999908590
999908589
999908584
999274803
999363336
999916563
999909598
998469798
999472426
998200458
998278582
997968436
997968438
998368687
998119873
1000000579
999690432
999043170
999230618
998662087
998368691
998565624
998565623
998565627
998565626
998565631
998565630
999725256
999363513
999240283
997781166
999444178
999656554
999597279
997879463
999597272
1000049963
1000006962
999272622
998653596
999132056
1000051903
999045846
999050699
999685858
999620752
997970434
998918348
1000131008
999805485
998623743
999570560
997886395
999251774
999921563
997886396
999470557
999234758
999637566
999637564
999674582
998398200
998967645
998967648
1000009125
997818237
999244473
997784423
999157121
999236263
999244481
999236270
999818708
999694052
1000149574
998440096
1000147911
999241015
998912123
999654787
997819632
999208714
998233607
998558776
1000134078
1000123671
1000061060
997868325
998963170
997820433
999527537
1000007760
1000024234
999927422
999866107
999646851
999400471
999997929
999884036
997824657
999235792
999235795
999241643
999457145
998205318
999918412
997857291
999318062
1000150612
1000131866
1000132772
999452796
998262814
998016685
999452800
999911414
1000113009
999917130
999911420
1000113011
1000113010
999917125
999635307
998331082
999441639
1000083081
997760018
999657332
1000090057
1000090058
998221805
1000072000
999905678
997877963
1000052032
999508894
999481299
999318238
999239090
999091469
999960161
999091471
999230884
999239089
999235434
998131627
998131138
1000111332
999658640
1000111335
999097309
997778851
999487520
999487518
1000107503
999381725
1000107509
997886191
999408530
997908408
1000007987
1000007991
998017603
999915668
999358664
998565382
999915671
998570236
998570237
999408171
999408170
998596105
999873315
999873312
999911528
1000026230
1000026226
999977820
997767752
1000026225
999673647
999673648
998019011
999673643
997758929
1000006983
997856496
999977813
997856492
999690827
999394888
999245652
998565548
999254582
998246874
999538990
1000110087
999690828
999874532
998133068
997865064
999280903
999403221
999403216
999403218
999403212
999403213
1000151458
1000083378
999710345
999241872
998452662
999710347
998917400
998209693
999802375
999751802
998149816
998149818
999410022
999654286
998627714
1000151077
998627713
999289536
998328399
999821988
999658756
999658753
997853497
999572548
999959974
998111284
1000105473
999575194
999575193
999575197
998676866
999058417
998673386
999608061
999234165
999666209
998388602
999608205
999608203
999100499
999915512
998221128
999241705
999804098
1000128027
999392756
1000112595
998131812
999392755
999234188
999827188
999237067
997788864
1000150741
1000150734
999365631
999984958
998164298
999646854
999340660
999206187
998584903
999517118
999206185
999440103
999646861
999827191
999243719
999234185
999948789
997975680
997975675
998311984
998628572
1000149135
1000111396
1000111393
1000155961
999243172
998276146
998400555
1000152248
999364598
999230821
999958355
999520218
999520216
997760301
1000105675
999648692
998444499
999648695
998119860
1000138301
998119857
998368704
999526848
999961924
999230637
999370452
998118395
997928638
998917186
998668141
1000003864
998380505
997928641
999597257
998351579
999597128
999406934
999406935
999606646
997851006
997966229
997851008
997851009
997851005
997851010
997851011
999232234
999402425
999402429
1000007859
999236438
999236439
998230694
998230695
999236435
998230700
1000147921
999166797
997886419
999100701
999228861
999621236
999621233
998584267
999649993
999637590
999709498
999443022
999237612
999866120
998551929
999209250
999693539
999820048
999924194
999961790
999654461
999961785
998974945
997771867
999740549
999483851
1000141874
999650949
999650947
999921450
998253217
998253215
999235110
1000030668
1000136178
999671286
999538466
998127945
999545345
999366463
999691259
999233687
999865839
998656269
997857640
1000118083
1000005420
998016238
999238379
999235813
998694023
998694025
998378840
998709012
999240995
999240994
999240992
999240997
999918401
999233439
998235251
998235250
997775869
999918399
999651453
999651452
999651455
1000150595
997985475
1000150600
999658296
998105649
999290886
998012545
999917146
998690780
999915797
1000121004
999915799
1000110195
999525031
998205474
998205475
1000158642
1000158643
999235411
999661684
997853769
999419183
999521279
998966928
999497818
999387156
999387159
999091485
999387153
997968783
999091488
1000112454
999239064
999960222
998131564
998204629
999725612
998164197
998179063
998179069
998179065
998360014
998582787
998360017
999230499
998070146
997889044
999341149
999661551
997886162
999588710
997851344
999935782
1000004540
999512746
998208699
1000052265
1000052269
1000113415
999358975
997906955
997856254
999364942
1000149389
999873293
1000149385
999242051
1000138765
1000117854
1000117407
1000006735
1000140424
997979521
1000128944
997851654
999097812
997851656
999916361
1000110105
1000114504
999243974
999916359
1000114508
998017630
999578836
999578837
999578834
999578835
999371893
999448083
999156070
999403234
999202618
999403232
999808120
997828973
998715512
999403237
999752478
999403241
999658596
999658597
999371700
999371701
998138082
1000006137
1000006138
997988722
997988724
999666577
1000148914
1000144509
999240830
1000156668
1000096274
998602719
999995592
1000031140
999621300
1000105500
1000059558
1000026300
998962706
1000003215
998528975
999713740
999713738
997819987
1000113652
997781322
1000131167
1000131168
1000131169
999389246
998452628
999675867
998051657
998278199
998051652
999234183
999342847
998051660
999234190
997878999
997878998
997760022
997879000
999858454
999341492
998641651
999411553
999237481
1000112619
999335272
999871721
999250806
999654665
999654667
999654666
999692811
1000099216
1000099217
999345192
998665504
999003882
1000155545
999427368
998674320
999315869
1000019543
999964349
1000019919
998667892
1000007635
997827216
1000084463
1000120970
998708101
999654364
1000149113
998414022
999243157
999708470
998204150
998786749
1000044830
999230284
999203846
999230799
999230288
999230795
999340675
999340676
999141545
998018519
999444504
999444507
999951504
998135467
1000066339
998130108
997827622
998677326
999698260
999698256
999526298
998688562
999660722
998569736
998018618
999665764
999659311
999656600
999656596
999656598
999656592
999656595
999656594
999406915
999244903
1000044139
999684559
998153641
999188868
1000044132
1000044133
997760317
998872843
1000044141
998262682
999555463
998398496
999676444
998710481
1000123646
999588912
999366629
997774441
999251347
999251346
999721094
998439411
999710473
999251351
999251350
999443005
999214580
999214581
999561175
999214579
999916093
998059345
998059346
999678741
999058462
998601352
999654822
999777250
999654825
998117804
998117807
998117806
1000134223
997979798
998253885
998139154
998587600
997868282
998968737
998968739
998565718
999710475
999243733
999243739
999233662
999318046
1000076706
999918152
999156408
997827426
999811895
1000123608
999265053
999231157
999265055
999265056
999265058
999265059
998397909
999235756
999325472
999238906
999710965
997780711
1000148307
999922650
999922651
999449457
1000113831
999811275
999917383
999157730
999452835
1000150577
999153572
1000150580
1000150581
999674426
998690467
998111514
998111513
998449303
999389014
999494547
997779220
997968187
998267516
999203902
999314856
999235430
997899419
998131935
997853783
998917994
999508852
999508853
999508855
997988812
997831185
999960206
998556625
998556624
998556627
998556626
1000137737
998556628
998231223
999812805
999911952
999960211
998361082
998713405
998131098
997859101
999575797
998234453
1000110257
999242427
999242423
999915815
999915814
999915813
999915819
998687819
999646899
997831137
999596913
1000006071
998570668
999935766
998002262
998585929
1000056599
999095423
1000056600
997925544
999690329
998213668
998013957
998993170
999230133
999605345
997826717
998019047
999605348
999605347
999605346
999648813
999444544
1000000898
999810702
999239207
997979585
999403682
999685046
999571160
999808078
998565506
1000110123
999908361
997781577
998972612
997781578
999972507
1000114487
999366150
1000098964
999558165
998119664
999937588
998234450
999235630
998234448
999230617
999761331
998100166
999596780
998961084
1000151114
1000151112
997900883
997841911
999681352
997900886
998964373
997820261
1000031117
1000005802
1000006924
999833277
999155574
997815575
999246294
997765782
1000133206
999575153
999575160
999575161
1000110293
999809540
998451572
998119980
997926582
999809539
999876851
998051680
998051672
999572219
999268009
998051677
998902350
1000121081
1000133739
997830923
997830922
999341513
998230442
999243603
998595816
1000150783
1000150782
999911642
999631359
999911644
999911645
998231396
1000109513
999581521
999440024
999340377
1000099196
999820081
999915644
999341251
998202433
999820078
998167787
999915651
999820074
999797123
999674612
999593774
999650336
999381636
999593781
1000063634
999440067
999234046
999808244
997800020
999997654
1000120987
1000120984
999241193
999241663
999241664
1000082945
999242801
999909399
999909945
1000132955
998636264
1000155994
999789349
999230264
998571685
1000007781
999772254
998570101
1000134977
999984998
999820132
1000007773
998105436
999984993
999689618
999648733
999665732
999648736
998116402
1000048436
998132403
997810690
999706253
999444522
999648430
999410853
999629939
999410857
999410860
998659940
1000001876
999562544
999406900
999406901
999402335
999406897
999406898
999406899
1000137927
1000124078
998556439
1000071155
1000137925
997886343
999749842
998584833
999864879
1000147880
1000147876
1000147877
999534291
1000147879
998233173
1000147875
997828480
1000068343
999710455
999710454
999524448
997856503
999686951
1000157412
999442983
1000141603
1000006613
1000006615
1000006616
997896279
998897024
998247864
999239122
1000133784
998648555
1000131121
998597694
1000131117
999244433
997947083
999143667
999531265
998234529
998565698
998565697
998565696
998565695
998234524
998234523
998118328
999240882
997989179
998120002
997931247
997931248
997931249
997931243
999371381
999371376
999238931
999241039
999449475
999445118
998122238
1000156872
1000131912
999341287
999341286
999341283
999966093
998608348
999554481
999907454
999608034
999608035
998114488
999957851
999594366
999911944
999599766
999911942
1000149331
999911947
999594365
998558104
1000053573
998278034
1000133800
998677077
1000133794
999884845
999569144
999375036
999569148
999507338
1000137090
999984936
999863117
999984932
998414500
999609966
999532575
999383342
999230370
998401292
999230717
999239105
999239109
999239106
1000112493
998231211
998231210
998231206
997846970
999938618
999481987
999442947
999633098
998231035
999633097
999633096
999646915
999633100
999230457
999230453
999210530
999906008
998912814
999710333
998372773
999938878
998749271
999946688
997805496
1000008625
998965217
998599454
1000113359
998398199
999528694
999229313
997941805
998318548
1000110261
997766419
1000033392
999276144
999230118
999230119
999230116
998262936
998463046
998636082
999808097
998565523
998565524
998565525
998565527
998653901
999308879
997874614
999595585
997797418
999595587
999595589
1000098990
1000114468
999916397
998528956
1000150599
1000098983
998528960
998528961
998465591
998119682
998918736
1000010138
999584577
999985715
998369421
999492663
999565664
999209289
999209288
999209287
1000112523
999267443
998100186
998257601
998257600
998591172
998278252
999088787
1000151137
998961068
999649501
998017845
999795568
998715261
999662621
998964360
997889092
997822599
997889097
999917409
999562797
998130915
999688909
999959994
998631130
999575173
999621261
998230471
999236209
999242971
999850458
1000111297
997834030
999815232
999068433
1000008096
998217868
1000109851
1000151442
1000151673
999654889
997886021
1000083238
999228691
997886016
997886014
997886015
997993158
997886013
998230424
999237519
1000113348
999217766
998230430
999654754
997963431
999962867
998630506
999964559
999440042
999654708
997819407
998368787
999939853
999766143
999593756
999593758
999593759
999905576
999674598
999593755
999811899
999999408
997904676
1000001957
1000135005
998426170
997904675
998426162
998426165
999233456
999233457
999759358
999942862
1000041200
999840013
1000113888
997827178
1000002742
1000085751
1000085742
999340803
999340802
999243729
999340806
999581496
999871063
999335312
997930983
998579071
999242772
999242775
999242781
999909372
999575058
998965629
999575056
998163404
998139838
998471584
1000048392
999230324
997850514
999657797
998110520
1000007756
999344975
1000007758
999365011
998278644
999285116
1000048415
1000048417
1000048416
1000048419
998599944
999444468
999285120
998599947
997968361
998038435
999908526
997773662
999410875
998600376
997773666
999410872
997823556
999774501
1000108449
1000139484
997889205
997889206
998705412
997903889
998351639
999406877
999406874
999406875
999406872
1000137942
998361811
998361810
1000137738
998470529
998713927
999689557
999689558
999689553
999773624
998565571
998017742
999097454
997833613
998131257
999543545
997974845
997844780
999318139
998414116
999232398
999442969
999710134
999710135
999710132
999232393
1000050135
999710140
1000050138
1000141629
1000134432
1000090317
999957864
1000090314
998220644
1000090320
999746576
999093236
1000121190
999317391
999777264
997986502
999659241
999856969
998565672
998361098
998234464
999242507
999977917
999449272
999762673
1000114607
999922880
998131970
999479774
999411733
999402292
998181201
999352938
1000158238
999822088
998016177
998478130
999711004
999608194
999213489
997853416
997853417
999813790
999666389
999666387
998379144
1000026256
998426151
998902427
998902426
998426143
1000025282
998426148
998278462
999240611
999650819
999650818
999650817
997893475
997763860
999905762
997970202
997970209
1000005708
997867373
1000053553
1000026237
998181522
999312512
1000133776
997766019
1000133780
998652056
1000083590
998147744
998673580
999241642
999241645
999241644
999098379
999370348
997881891
999819840
999915665
999571975
999915667
997876749
999819833
999798250
999819836
999690823
999690825
999690824
999517795
999690826
997831225
999239241
999690830
999648786
997930689
999386560
999386554
999817289
999918416
999646856
998599695
999367871
999367870
999361863
998599251
999360715
999691529
999902492
1000113418
997880692
997956043
999691531
999637523
998385077
997760236
1000052966
1000149156
998963806
997804925
1000032062
1000138295
999195859
997793262
998636242
999595562
998210937
998369112
999576232
998965751
1000001584
999748822
999230093
999659077
999230097
997781550
999242022
1000113420
997781549
998278711
999472572
1000117391
999243802
999243804
998714318
999412364
999230474
999230472
999526197
999773085
999229210
999229211
999808118
999808117
998333026
999808121
999773090
998565462
999668342
999054603
998557489
999054607
999054606
999054609
998528979
999554795
1000084140
1000084138
1000084135
1000084132
997856771
1000137783
1000137784
1000137787
1000137786
999977840
999710598
998118247
998165651
999977835
999506647
998278272
999947530
997794947
1000063642
1000065906
999570162
999475197
999470169
998624461
997821531
1000002042
998967213
999208840
998714988
999801843
999242984
999242985
998117571
999610390
999610386
1000110259
999220201
999378520
998372955
999806828
997846584
999958715
998230406
997886001
1000060993
998157289
999385738
998598665
999658837
999342607
999501612
998909599
998698417
999501618
999400855
997954196
997913135
999674581
999674578
1000085755
999736622
999608135
999608133
999241418
999871583
999392087
999233481
997882808
999723105
999762595
1000141405
1000141404
999811220
1000141408
1000141406
997827159
997817471
999674546
999674548
999674549
999819791
999674550
999937422
998111221
999241156
999909355
999967559
998204124
998163431
999823347
999235469
997963425
997963427
997963429
998365956
997850494
999594179
999594178
999594177
999594176
999444488
999444486
998315894
998315892
997986146
999936944
999406601
999360867
997803844
998208263
998234779
997779091
999370541
999370540
999457505
998966655
999457503
998404150
999481906
999457510
999481903
997986509
999402294
999481150
997939873
997939874
999481142
1000061388
999501265
999341008
999341007
999245599
997845925
1000000561
998013933
998013935
998231990
999366569
998689121
999564695
998018350
998017869
997831016
998421463
998421462
999403650
1000117843
1000080289
999239084
999957891
999254951
999957883
999087910
997992772
998223344
999156257
998715394
998715395
998714662
999878200
998565661
998234490
998565654
998565653
998565652
998234489
998565657
998565656
999977892
999977894
997821038
999866160
997853287
998479708
999837654
998479707
998361081
999228934
998122487
998967630
1000061626
998968782
998131986
999943114
998129561
1000152530
999370694
999238890
999370966
1000123673
998278528
998203254
999654534
1000141546
999654541
998650196
999650760
998574732
1000021303
1000007628
1000007631
998278056
999666483
997831670
998917862
998148417
999273227
998565660
998181172
998673594
998131912
999375701
999386951
999386950
998832963
997997977
1000051973
999575527
999386948
1000083101
999531557
999236991
999234027
999369787
999392243
1000154391
1000112539
999239142
997846515
999409920
1000110714
998278108
999442904
998687756
1000085566
999500360
999533739
999661465
999295736
999230416
999661470
1000138280
997878188
1000138272
999918581
1000114586
999918573
999241971
999229847
999241968
999229845
999632383
997905840
999492716
1000067218
999936782
998016932
999229222
999410036
998015105
999410032
999410035
999229229
999372047
999371876
999659939
998529000
998529001
998108357
998658747
999795339
999096313
998017028
999132013
998017026
999318040
998017024
998382962
999132018
1000137767
998271783
999371247
1000047522
997847465
997847469
997847466
1000052378
998245711
998216505
999661236
998138918
998544029
997889056
999251370
999251371
999251892
999827132
999251362
999251364
999251365
999637665
998388367
999637663
999637668
998388364
999013009
999220220
998243246
998017535
999220219
999107598
999107599
1000110273
997833501
999693128
999594268
997833499
999510481
998117582
998565351
997914603
998277912
998277916
998277919
999649230
999241057
999556299
999241053
998283235
999228729
998017185
1000006515
998230389
998398831
998230387
1000006519
998230383
998570368
999962911
999093472
998107694
998570371
998326028
999654743
1000062283
1000019800
997894727
997894724
997894722
998099069
999820137
997834116
997894730
998667186
999241401
999235921
999926296
997766681
999674560
1000134896
1000134895
998931404
997866862
999158657
998268436
999094182
999762572
999611812
999233501
999233492
999808187
999607270
1000113931
999695879
999585694
998242162
998234199
998717483
998119530
998254479
999365521
998231380
999960149
998204069
998163367
998163366
999249318
998163368
998163363
998163362
998163364
999235527
1000158730
999035524
999594196
999594198
999594193
999594195
999594194
1000061196
999772521
999929390
1000134966
1000134969
1000134963
1000134965
1000134964
997986125
999576112
999091367
999923802
999923805
999928678
1000020425
1000110598
999487943
999952410
999457524
999457526
999864717
999138387
997986529
999258136
999285835
1000001909
999845103
999783737
999665721
998140347
997886323
998415394
999820620
1000104279
998018757
1000154131
999198861
1000154129
998117092
999236376
999336966
998017703
1000007142
999646018
1000007144
1000007145
1000085782
998131292
998131295
999359618
999315508
998223144
999478079
998414078
998262757
999472246
999472243
998102140
998102137
998149414
1000133757
997974534
998565450
998277633
999229634
1000064852
999766167
1000148677
999155988
998172299
999317430
999638207
998218629
999638203
1000118372
999527026
999235725
999525139
998398080
998565228
999710247
998565226
998565225
998565224
998565223
999527030
999977879
999240175
999243654
999240176
999240179
999243658
999240181
1000114564
998967611
1000155935
1000155933
998382212
999235839
1000125562
999235832
999714886
1000087699
999370989
999090734
999884027
998149583
999361061
999445054
998200596
998203272
998166815
998426107
999156272
999156275
1000131057
997927484
998603725
999671233
999768667
1000051977
1000008503
1000080310
998180081
999740344
997857612
998012351
1000154190
1000031128
1000154189
1000154188
1000154183
1000154184
998655282
999234723
999340408
999369771
998398592
997900131
999593737
999593736
999593735
999593734
999650777
999594333
999340576
999911820
998604773
999911818
998012376
1000155115
998012374
998278125
998278130
999230359
999233641
999233640
999093091
999937420
999792130
999265051
997950222
997963272
997837032
999265048
999265049
1000082571
999935848
999935842
998165102
999228883
997880660
1000125831
999481249
1000153940
1000153941
998400519
1000122138
999918601
998263177
999526419
999230657
1000069417
998149820
999241990
1000111206
999368551
997827906
1000111210
999453076
999695683
999690335
999905370
999690334
999690332
998629629
997779027
1000112533
999229162
998368078
998368077
997961556
999659385
999411111
999411108
998351653
999193530
998474400
997892891
999935727
998624846
999666633
999666641
998149998
997895102
999088461
1000045711
998415143
997828239
998715022
999251066
998230530
999251065
998230529
998583575
999873987
999366360
999281315
999366354
997766325
998165605
999058396
998165606
998277901
999958009
998369721
998277893
999654905
997819738
1000008446
999654468
998230366
998270070
1000049154
998230369
998230363
999093455
999746720
998230370
998230371
999538363
999671427
1000039699
999766127
1000026235
998033894
999525605
998225280
999235894
999235895
999235900
999581103
1000134912
1000134919
1000134916
999392127
997829213
999240410
999815177
1000113911
999233515
1000113905
1000113904
999151046
1000113909
1000113908
999479656
1000113906
999366184
999656499
999264948
999542615
1000109611
997891752
999241750
998969011
998604517
999362631
999387005
1000014983
999915917
998163385
999093231
999936574
999936575
998163387
999235509
1000035538
999803333
998761892
998105354
997853305
998105353
997853308
997853309
999594216
997853311
1000134984
1000133570
997901000
1000134986
1000133562
999968144
1000092755
999096471
998098943
998963602
999279161
997770202
998436934
999923826
999057725
999575661
998131034
999220052
999482084
997986471
999795432
999230414
998712953
999341049
998570623
999359420
999773335
999439931
999229393
999229398
1000138274
1000154143
998166480
1000154145
1000154144
999697453
1000154146
1000154149
998661027
1000154151
999596001
1000141015
998599419
998643851
999931306
1000007129
997840350
1000007127
999660482
998377139
999960945
999660487
997840342
999553898
1000082754
999605428
1000044183
1000044186
1000044190
999402256
998155373
999689550
998565424
998565426
998903190
999366600
998373033
998648636
999399978
999282328
999706248
999706249
999706246
999706243
998017688
998119587
999100514
999100513
999235668
999251175
999235665
1000005709
998234956
1000152235
999977859
1000005711
999240158
999240155
998203480
997781803
998203478
998917501
999710114
999710115
999710116
998203472
999710119
998260859
998964314
999958951
998701035
998016200
998699215
999382525
999929886
998962607
999958581
997901359
999243105
999243103
999458041
997927462
999958635
1000110236
1000110237
997990112
998260984
1000110234
1000083003
997930813
999089385
1000135958
999709447
999709444
997865770
998694267
999237357
998202826
998180061
998132029
999833405
998131877
998874529
998131872
998131873
998131874
999911218
999234708
1000154170
999556773
999868790
999654407
999369826
1000106286
1000106289
997940026
998658493
998658498
999212772
997781126
998231909
998278071
999931962
1000141323
999593227
999593226
999320371
999093067
999525159
997885191
997846101
1000036419
997885187
999109173
999239673
999695240
999656304
999241933
999230227
999241939
998636114
1000118921
999230230
999229536
999472595
999412430
999472598
999539797
999554917
998098622
1000072245
1000072244
999821852
999517237
998644931
999344534
999679417
999658714
997788866
998116911
1000052200
999371573
998762031
1000134103
1000134102
998207693
999570897
999760856
1000147947
999371506
999457208
999569590
1000000298
1000000293
998149836
999569589
999526869
999097868
999924350
1000125756
999920721
999101562
998438870
999962222
997886474
998015067
999251861
1000148867
999962227
998230544
999082441
998357587
1000052240
1000026253
998165628
999710328
999710329
999710322
998277872
999710324
999371741
999680502
998669637
998208293
999984961
998554329
998554327
1000049217
998641609
998565641
999796879
1000154134
998565633
999607275
998565637
998716787
999621337
997894972
998016336
1000134940
999235881
1000083234
999751250
999449616
998200918
998223806
999656513
999656514
998528401
1000142689
999570939
997853003
998657360
999362608
997853010
1000003545
998673991
1000075918
1000007832
997853323
997853324
1000007835
997853327
999575450
999216393
998133398
997930079
998724620
998147365
1000027614
998455889
998455891
999631552
999098248
999098247
999098246
1000052379
1000052451
998577176
997850334
999098251
999294223
999785727
999938714
999259695
998120612
998120615
999938719
997986487
998131021
999561640
1000134669
998232686
999646812
997775642
998231094
999231151
999230864
1000100671
999218936
998556379
999652491
999652489
999652487
999652486
999652483
1000134991
997826860
998019087
998325158
999317104
998599394
998599397
998599398
998599400
999045822
999045829
998315874
1000110111
1000109931
999315543
998262794
999575043
1000044165
999576807
999576808
997781742
1000134048
1000134047
1000044170
998163357
997766249
999245579
998565404
998869453
999444439
999444435
999960212
999098317
1000137495
998017106
998234550
997887014
998234547
1000152686
998234542
998127928
1000119608
1000136995
999267324
998660479
999081513
999316195
999710056
999597226
998425027
999910439
999371031
999598852
998115190
1000045963
1000087655
999444791
998715084
998656394
1000118364
1000110220
997828449
999928043
998217452
999654650
997901236
999201364
1000136015
998431904
999459893
999483513
999650709
999650708
999650710
999241609
998603863
999911196
999688250
998766374
999654424
999236880
1000091009
1000025150
998651335
1000019901
999812676
1000106267
998230173
998866546
999345790
998253264
999881940
999236167
999607972
998410924
997780553
998278083
999819949
999840121
999878021
999060312
999103508
999367948
999052737
999244192
999302631
999807732
1000069592
998028854
999811762
999230171
999235249
1000058838
998234786
998234783
999212759
997781465
999777033
998756812
998010296
1000154805
997903328
998069508
997918294
1000052142
997853876
997853879
999013719
999658051
999942014
1000143564
998283241
999695565
1000111000
999317976
999229783
999649224
999239254
999529866
1000061634
997903720
998369860
997829351
998369856
997886457
998311504
999963008
998311506
999935676
999251386
1000007655
999410017
998601514
998584966
999058446
1000008119
999058449
1000008113
999369289
999058445
998368771
999505822
999447953
999819743
998289477
998988596
999408257
999408256
999408258
998230386
997758503
998277855
998241694
1000062980
997968144
997894887
999666399
999505609
999093766
1000047036
1000047034
998569725
998417580
999243632
999449551
998181124
999105183
998181126
997802526
999340399
997834055
998231845
1000014741
997969746
999368389
999235853
999371452
999371458
999779455
998370766
999449555
999207151
998517294
1000113949
1000113948
1000113947
1000113946
1000113945
997999320
999626728
999626722
998414945
1000142666
999911602
997853029
997894750
997894751
999386966
999386967
997901584
997894742
997894743
998656203
997894745
997894746
997894748
998658579
998658576
1000002545
999597260
998786731
998414577
1000138199
998449119
998051363
997853266
998105394
1000072054
999637326
998264364
999104901
999152336
999865256
998364434
998364433
999816380
998364439
999341657
998364437
998364436
999309307
999659033
1000131316
999487925
998120594
999764999
999910381
999820898
998120597
999074589
998167056
999774100
998377454
999915052
997814359
998025247
999230375
998669737
998107969
999233431
1000000580
999974710
1000000578
999665699
1000000577
999233428
999665692
1000007621
998599378
999045845
998099065
998599373
999997603
997974831
999366650
999409627
999674559
997891113
998620564
1000000547
999313585
1000068331
998090310
1000000545
999235441
999576789
999154139
999230883
999154141
999154140
998965880
1000125560
998565386
1000122112
999457869
998565384
998400892
1000105770
999506239
1000105767
998400782
997902135
1000119243
998629524
998069316
999710182
1000005662
998968716
998601344
998601347
999240194
999240193
998018414
997928748
999710076
999958354
998401135
999495761
997904127
999050765
999675827
998412457
999710411
1000090874
998346258
999576809
999243067
999629049
1000110197
1000110199
1000115248
997833745
1000118437
1000123991
1000118438
997886999
999578842
998131496
999228626
999654623
999084564
999245116
1000006355
999995205
999995203
999943520
998229063
999659099
998696839
999386867
999234995
997909062
999493760
999922490
999235001
998392340
999345766
998167703
999936971
999819773
997758603
999844812
999921019
1000082970
999607998
999607999
999607994
1000008125
998651407
1000141290
1000141284
999235271
999674429
998263522
998263530
999531196
999531193
999815694
999911174
997845822
999095442
998030739
999696777
998428888
999908078
999235227
999355738
998378690
999594278
999370942
999370943
999594280
999594281
998764380
999657860
998599845
1000001880
997810691
997853860
1000137497
998629563
1000137499
999606159
1000001874
999679377
997810689
997773571
997986430
998967066
999276814
1000068342
998967065
998600112
998600114
1000134067
998705496
999107982
998236741
999230844
997828278
998228507
998231708
999276102
999229501
999457170
999822719
999447951
998019630
1000134088
999231115
1000147972
997918856
999159206
998099316
1000107372
999935657
998761881
999935660
999520967
1000008095
1000134194
998018223
999962083
1000008099
999872077
1000008101
999194781
999665909
997781342
1000158728
998124787
1000114848
1000082918
1000144058
999643661
999879803
997833842
997833849
999935720
1000149701
997833851
997833850
1000051866
1000026301
997966350
998963599
1000138249
1000026296
997853846
998146265
1000138247
998146267
998146268
997971044
999334809
997758839
998605850
1000052176
999693343
1000137698
998118443
999525017
998118446
999525013
998898661
999229020
999673677
999673679
999673680
999264961
1000113419
1000052511
1000113417
1000113416
998129162
998132069
998748269
1000113421
999577420
999621303
997773407
999658709
998165451
998165449
1000007795
999370559
997976111
999370553
1000105486
999407810
997866950
998370340
998278202
997847374
998283158
998240225
1000052502
999958714
998652034
998283160
999961662
1000052504
1000155173
998368810
997763818
997763821
999386986
1000080404
999386984
999386985
1000137005
999594188
999392639
997853288
999940622
999342937
999932747
999932749
999242267
998241737
998570540
1000119875
1000119382
998570532
999238140
999479715
999580685
999580683
999580688
999389259
1000112394
998278031
999647585
998278023
998278025
999781112
999915940
999198717
999915113
998118064
999341936
999340406
999340409
999359904
999364480
999340411
999498006
1000036650
998210291
998210288
998599354
999090862
997766478
997761400
1000133131
1000111269
1000111267
1000066474
1000044211
997824649
999313570
999236063
998454438
999236071
999230358
998376315
1000122139
998565366
998565370
999229303
999219718
997965255
999410963
998629511
997892479
998629506
1000026233
999818843
999525607
998118348
997891480
1000026240
998100304
998100306
1000144185
999246703
999229138
998465751
999230684
1000118262
999403582
999538747
1000124608
999485999
999865898
999766568
999995148
999097406
1000131133
1000131138
998117505
1000151107
1000110173
999572006
999820181
999722944
998694027
999242554
999654604
999228474
999654606
999228478
1000110162
999663770
999654332
999237662
999663767
1000125166
999237666
999341761
999654340
999663765
999547258
998929063
999411697
999870918
999650664
999710430
999342888
997820174
999915510
998165504
1000025178
1000106307
998117896
1000106310
997767068
1000124340
998874794
999838047
1000039413
997930760
1000124337
1000039417
1000039416
998149086
1000003987
998149085
999233556
1000041298
999233554
999811541
999202272
999202276
1000150592
999264963
999264968
998221705
999264967
1000120511
999531218
999264971
997994460
999235284
999241604
998222297
999911705
998111336
999235015
999046001
999345250
999691495
999045994
999045995
999776751
999811807
1000150723
999922755
999594260
999594261
997846537
1000007654
999594254
999594255
999594257
1000007657
999563059
999959858
999052101
999959852
998377323
999657920
999316660
1000008314
998371812
998016913
998131849
999691492
997890927
1000068328
999497287
997845805
999275033
999318304
998530581
999998040
999733866
999132041
1000108963
999959859
999238972
998131498
998228489
998228488
998131493
998228491
997943426
999250687
998530543
999526772
1000147992
1000006775
999123822
999123824
997761333
998099293
999935716
998599097
999935715
997767290
999964235
999058403
999058405
999229244
999058408
998100516
1000052174
998100962
1000052172
997812515
999870479
1000139363
1000138251
998368809
998368806
999954228
998672169
999812332
998355883
998204290
999054620
999272638
997880784
998418793
999710640
1000052437
1000052436
1000052250
999569604
999442981
998172354
998626874
997979859
999443929
999908796
998116271
999244070
1000143165
998642891
997821641
998401019
999209083
999347365
999922145
998968778
999209157
999370572
999370573
999815869
999779501
1000118925
999779494
998278189
999958699
999958701
998413554
1000049237
1000137757
999650874
999650875
1000083146
998673700
999475264
997820428
999960082
999929273
999960086
999575271
998676795
1000113360
999280173
999268830
1000113358
1000113355
1000113354
1000106295
999922617
999709576
998139086
997886069
998693073
999369929
1000007490
1000119362
1000119367
999445162
999981614
998360246
999580666
999580667
999809697
997769183
1000154799
998204882
999820934
998278010
998278006
998149047
998278002
997847975
999931556
1000127236
998658615
999593928
997969774
999487996
998663263
998216492
998231841
998967049
999697540
998974525
1000142029
999603906
997824526
999242691
998541922
999274294
999343944
999242687
999087621
999091487
1000153263
1000113356
999243287
999408031
999313622
998146983
1000081589
999554154
997934819
999695407
999691693
998577038
998566046
999229283
999739046
999229291
999444373
999156043
999806192
999156047
999444381
998098754
997885742
999656792
999410983
999715378
998600578
998600574
998258622
999246106
997787496
1000052500
1000052501
997847370
997847369
999946831
997847367
997847365
997847364
1000052496
997847362
1000139178
999402878
999402876
999920035
997900295
1000081916
998673126
999684507
998310026
998139979
1000108080
999684511
999100077
1000068336
999253953
1000157601
999459818
999748598
997833421
998715438
999408232
999776872
999408234
999820153
998692615
998548248
998548245
998565242
1000151502
998559960
1000151506
1000151509
998967857
998662171
1000096344
999665989
998234675
998059212
997768923
1000138130
999710451
999710450
997819465
998543201
999593720
999593717
999593716
999593715
998684891
999236154
998972512
998565222
999648006
999237550
997769369
999865981
999734760
1000114571
999264990
999264991
1000110282
999264984
999230498
999264986
999264987
999264989
999241629
999866174
997909905
999235036
998698804
998202391
999233838
999816256
999902476
999045980
997886163
998237514
998118565
998239887
999594320
999594319
999594316
1000154798
998111402
998278149
1000083205
998278144
997929682
998449358
999504455
999674513
999674514
999674519
999674518
997960320
999631913
999441633
997960317
998344605
1000052084
1000052085
1000052087
998944155
998177026
999481188
1000150658
999199086
999149003
998530552
997968337
1000153467
999517959
998530560
998131517
999512748
998228468
998370322
998361380
999229457
999229455
999575924
999215446
999646164
998251178
1000148017
999230590
998382217
999443481
999935700
999935701
999443475
999315404
998311484
999935692
999935693
999935694
999935695
999409667
997774479
997904755
997801079
999964220
1000064720
997793908
999397879
1000007668
997889267
999376813
999093567
998100900
998666975
999371789
1000142483
998548311
999371782
1000142482
997968128
999514490
999820028
999877111
999648683
998648901
998402716
999648687
999798311
999472377
999232459
999665752
999204150
998220550
1000123612
999571618
1000071659
999659314
999843963
997887099
997887096
997887097
998565554
998565552
997990064
999908818
999908821
998565560
997990070
999402613
998810391
999656591
999397095
999673719
999240570
999081554
997780158
997768948
999209063
999919850
998368822
999926332
999658664
999658662
998956976
999421649
997829241
999407767
997829234
999487995
999639750
1000114436
998283196
998278163
999639749
999529640
999314959
999960111
998367940
1000113372
999309042
999309043
999332271
1000137050
1000150719
997993264
999691645
999445225
999067868
998697998
998107566
998107567
998107568
999212716
1000154814
999910395
999589540
999822465
1000080147
1000002522
999457080
1000002527
998033642
997897094
999593863
1000058447
999265146
999234477
999997941
998967022
999481351
998215626
999481344
999481343
999481347
998554803
1000135915
997834125
999233894
999233896
999806566
997827329
998223681
1000120565
999734098
999264812
999241799
999482172
997845324
999013512
1000154132
998961644
999539852
999379709
1000119702
998099866
1000007868
999984909
998018902
997870393
997781699
1000156821
998530569
999657413
998465791
998119644
999098254
999098256
998019238
998339348
998018729
998100818
1000144231
1000144229
998418112
999697466
999271274
1000143399
998106928
1000130292
999684525
999229262
999229266
997781595
999774279
1000127998
999204081
999054037
999285161
999578838
998570205
998570204
999863301
1000008117
999816774
999287639
999654566
999654568
999654562
999654299
999228514
997894789
997894788
998018219
998203450
997894784
998076252
997906251
1000066138
1000140904
999933456
999496212
998699236
1000071151
999229469
997977559
998413512
1000029993
999436878
998715556
998218223
999229464
998212589
999240511
999240508
999426789
1000150511
1000114494
1000150509
999926949
999265008
998118850
999265006
999265005
999265003
998549678
999967100
997853482
997853487
1000148417
999387110
999387109
998107761
999494286
999217730
999217731
998107757
998202362
999235167
998382620
998114619
999608129
999608126
999608127
999930799
999594297
999594298
999594299
999594292
999594293
999959899
999594301
998538083
998538087
998677005
997760083
997760085
999674495
997960296
999631900
997960301
999657401
997796182
1000068288
1000068287
999444375
999632313
999915555
999915553
1000015986
999108005
999230782
999239021
999230340
997831279
999247454
999239018
999230333
998131534
998131535
998131536
998231320
999840597
999123741
999229476
999229477
999231696
1000158114
999440133
1000155120
999722984
998361392
998361393
999291816
998205445
998026107
998691827
998348547
998070013
998019294
998372329
998372328
1000138204
1000138202
1000138203
997878787
1000040090
998023241
999058370
999684134
998600137
998674015
999811494
999964247
999318268
999318266
999753534
997903142
1000051923
999229732
998277934
998277932
998277939
999229737
998277936
999242080
999916594
999916595
999622072
1000052187
998961841
999105369
999472395
998371930
998221991
999249375
998138941
998714681
998565573
997990088
997990089
997990082
998565577
999525038
997990085
999689252
999243561
999367910
998235074
998118389
999240312
997781172
999944669
999316259
998368844
998017969
998261143
999658686
999223383
998669435
999086090
998201803
999815904
999449636
999449639
999815911
999958656
997915154
999958653
999958654
998651974
1000052495
997800301
999475556
1000052762
999475306
999475552
998262929
1000133881
1000143181
998962394
999444617
998762291
999639794
998762285
999639801
999639800
1000025242
998604138
998051443
998604733
998440125
999925426
999409529
999409528
999208690
998130808
999654757
999654756
997993283
999550102
997993286
997993289
998253186
1000031023
999443993
999658947
998121146
998204931
998277964
999536952
998277967
1000022995
999236705
999593889
999570114
999750396
999631324
1000136364
999392617
999766524
1000135078
999260929
997827269
999264801
999264800
999656451
1000069789
1000069479
998224551
999631511
999389316
999911383
999623971
999242723
999291443
999114546
999242731
999648878
997968240
999539875
999521488
998234613
999236130
999314927
999984923
1000007883
999836831
999660069
998373017
997777816
997777815
1000149046
999444413
998599996
999444414
997879592
997921948
999960173
999395203
999207126
997853705
998258591
998149916
999671136
999271261
999472535
1000000214
998149913
1000052452
998149915
1000052460
998106905
998106904
998106906
999858460
999935812
999807617
998749336
999205043
998709897
998133073
999243151
998895532
999220336
998131190
998131191
1000124072
998131184
999372863
998562518
998369581
998232113
999984896
997851569
1000149420
998018711
1000026950
999605605
997894764
997894763
997894769
999969728
997894770
998017754
997856491
1000028086
997856486
1000150769
999604965
998587760
999673401
1000114535
1000114533
999972716
998452097
999403209
999279053
999933339
999403211
999977810
1000109869
999671218
1000005635
999671216
999671221
999977809
999977806
998278351
1000148949
998278345
998278344
1000156423
1000148950
998278348
999510156
998129413
999479358
999811609
999651280
999811481
998107744
999767165
1000005780
999265029
999265022
999265023
999385709
1000153106
999658827
999658826
998126421
999265031
1000005779
999907486
997853471
1000002015
997769395
999387085
999656344
998658983
998202425
997903417
999314695
999608105
999608107
1000151507
999355660
999369129
1000083167
999915551
999915550
999608175
997978040
998148594
1000080684
999915544
997835267
999799766
999915546
999733669
999091263
1000120998
998231913
998231912
997930414
999487803
1000119647
999575554
998204846
999820757
999709769
998235253
998235252
997876467
999066982
999494308
998118009
999230769
999239035
999230766
999872323
999935698
1000113014
998108122
999457248
999593792
1000158134
999820059
997920479
999233546
999233549
998109818
997779926
998019312
999047159
997974865
1000082857
997878808
997878809
997939776
997939778
999575144
1000158734
997764443
999915808
999317821
999254826
999481586
999242054
999481589
999058646
997905947
998847812
999210160
999660481
997837518
998273612
999410944
999230624
999410942
999410943
999230629
999230626
998565598
998565597
998118368
998220841
998521249
999243618
999595677
999243617
999363525
998384056
1000012760
998627390
998970922
1000098935
1000045950
999566950
999960409
999621431
998626877
997851013
997851012
999108044
999246455
999246459
999246460
999246461
1000051381
998651955
998603553
998461168
999574361
999234765
998783689
999235117
999475323
999637554
999228907
999925472
999639819
998694825
999236252
999237256
1000046729
997833852
999658955
999995483
999240970
999654483
999208667
999550091
997923402
999341402
998641661
999856890
1000142978
998120613
998104302
1000000274
999236726
999233719
998118143
998118144
999431914
999576417
999997365
999241506
1000112868
999477273
999481304
999632798
999243413
999089303
998148313
999481310
1000141034
998599434
999233853
998205331
998245422
998599441
999090944
999207328
999772365
999807464
999909303
997925312
999647069
999243342
999969144
999750825
998205466
997760026
999002891
999230439
999239053
999710325
999047786
1000052049
1000007905
1000001212
999365171
998966933
999671180
1000052051
1000052050
999657379
999091454
997879618
999387210
999233578
999960200
999960154
998582605
998582603
998607808
998169866
999242707
998360004
1000130259
998046204
999366849
999366848
999935800
999447527
999443412
999935794
997925500
999689529
999689527
998018869
999697565
998366240
999903952
999220026
1000006922
999204113
999569291
998570242
998025782
999708466
998131208
999607028
1000150530
997968051
998766694
999783720
999058687
999058686
999058689
999058688
999058685
999058684
998343913
999230792
999673633
998017818
999304475
999156936
999156932
999245400
997856505
997856504
999394877
997856510
1000120524
1000093527
999481960
1000114515
999977870
998479435
999403230
999231711
1000043831
999403225
999403224
999403222
999261965
999403227
999710340
998234401
998234400
999275381
999275378
999695693
999710335
999493011
999710336
999275372
999859483
999240470
999371173
999977829
999951753
999771412
999240793
999240794
998246886
1000151070
998370868
998246882
998246883
999654260
999813343
999713871
998125346
998288844
999651253
1000150793
999240182
999243663
999959983
998111255
1000001959
1000105463
997853522
997853523
998698966
999316597
999314720
999962583
1000114559
998764321
999965874
1000114552
999314717
1000131175
1000131174
1000007735
998200495
998146081
1000007739
1000007737
998118625
1000144232
999370890
998589983
997886213
999762675
997878969
998372642
999440300
999251994
998221112
998181524
1000121017
999241701
998131763
998131767
998231443
998970097
998231444
999910301
999690000
999274952
997788874
1000112009
999820131
999820130
999820129
998910656
999710130
999820125
1000111035
999556704
999594248
999594249
997846583
999594247
999564324
999864833
999964294
997977358
998687883
998024000
998738363
1000002226
1000002223
999948752
998255240
999964152
998137445
1000111428
998719892
998599645
1000133006
1000142478
1000049153
999090317
999090318
997994899
998761946
1000049157
999739111
997760304
999773328
999773320
998847801
998847794
1000100059
998200462
999444534
997968444
998400731
997758524
998275010
998305963
999691413
997770232
999659261
999945764
999229876
999229879
999371766
998018252
998565621
999240279
999243601
999597265
999597263
999597262
999597268
999597267
999597266
999597271
999597270
997879472
998203276
999317756
999533313
999984899
999272554
1000059504
997850999
997850998
997850997
997850996
999502193
998149416
998543057
998007743
998415033
1000147924
998696053
999677431
997887077
998106967
999470566
999235095
999235093
999637576
999240941
998962441
999235100
998701010
999228887
999777506
999443018
999236274
999244468
999237623
999157148
998260702
1000149583
999659016
1000112526
998699604
999723769
998130845
999342388
998370186
999917332
999654465
997769104
998007993
999241030
999241031
998413742
998708561
998230321
999410955
999441635
1000110714
999143718
1000044136
999856864
1000136184
999856868
1000092752
1000136188
999441639
1000137905
998537660
999233692
999866094
999233698
999567138
999759196
999646840
999269050
999235810
999235811
999235805
999631288
999389586
999389495
998684101
1000052644
999243352
998528779
999650971
999576254
999153563
1000150602
999631550
999631551
999928421
999631549
999987799
999065748
999362074
998411655
999922135
997968198
999203917
1000158640
999736614
999234391
1000004855
999661656
997805023
999508883
999316977
999528669
999387223
1000003691
997765312
999091477
999239081
999960221
999960220
999960217
999960219
999960213
999239079
999091481
999412147
999412145
999412151
999412150
997990182
999776385
997845269
999635316
1000148053
1000148056
999966926
997778838
999966924
999386969
998692911
997786208
999877840
999220050
998018890
999769666
997833711
999251349
1000026219
1000098955
999721099
998146808
998681389
998018993
999670645
1000118220
999403431
999403430
997979527
1000154174
998620569
997979525
1000113907
999710476
997996527
997821244
997781622
997781623
1000114499
1000114497
999656493
1000114495
999255550
999172178
998133747
998221212
999253937
998054434
1000152778
999658604
999235553
999658602
999371703
999520691
999371705
999077166
998642294
997847100
1000148911
999736828
998689342
998627710
1000151091
998627704
998115783
1000031142
999658787
999646163
1000021884
997853506
997853508
1000105485
998111276
997853504
1000109955
999959967
999959966
1000003250
1000083390
998234438
999575229
999340412
1000003249
999575222
999340414
999862571
1000061983
999531961
997931337
998314793
999234160
999865359
997925484
999840138
1000148928
999237798
997872222
1000150649
998336220
999582487
999810961
999580627
998179371
1000031535
998655200
999357644
999655029
999655027
999709805
999345182
1000119618
999820063
999984989
998009535
998254560
999315861
999315852
999935696
998148749
1000127426
1000127427
998599279
998599278
999169256
1000091583
997764279
997764275
999626737
1000138186
999243164
998258068
999243167
997860102
998636277
998149093
998636273
998400590
999270299
998139808
999230273
998234680
998149094
999230808
999807279
997831340
999524942
999242101
999960857
998575587
999452653
998368701
999817314
999526835
1000035534
999964103
999371787
997781201
997781200
998569749
999659321
999506806
999659316
998100898
998100899
999665759
998671627
999316763
999054721
999795386
999795389
1000141319
997899988
999574485
999654237
1000044151
999400045
1000052641
998262678
999529560
999402355
997847356
999555805
998657028
999293711
998230686
1000115324
1000147863
998230682
1000147864
999543479
998570909
1000133571
997886428
997886430
999409634
998637462
1000144219
998567130
999525060
999228869
1000009094
1000003223
998352078
999483662
999443001
999443000
997766200
998591121
1000101689
999053320
999374047
999957892
999710683
999944327
999564439
999654821
999777238
999618001
997819992
998884670
998558769
998230293
999819920
998415269
999678774
1000106371
999650936
999479555
997868279
998253878
1000083088
1000083084
999866676
999475107
999621246
999621249
998449297
1000132700
1000132698
999422380
998543939
997857649
1000005431
999235826
999265062
999410350
1000005423
1000005426
997829268
1000044162
999922633
998423352
999233444
999918406
999918403
998008927
998131665
998163317
999811267
999695299
999656386
999907484
999370828
999928400
998105637
998105634
998209233
997879800
999915806
999774468
999915810
999235419
999314864
999203901
999265060
998131943
1000052009
998655603
998903108
999318203
998903111
998629544
999239056
999798007
998527160
998131572
998131579
998131578
998348001
998204621
998966275
999780458
999773858
997779982
999156410
999798005
999481961
999242420
1000107634
998070140
999596926
999230502
998230857
999230508
998359964
997889036
997889034
999359291
999359838
997886218
997889040
998439629
998565984
998564280
999409829
998903905
999696985
998564274
1000052257
999369387
1000052253
1000052255
998599976
998599979
999316993
998599974
998013967
999358967
999566520
999210715
998013970
998230438
999558103
998415188
999554044
999798227
999242037
998019020
997829316
1000093311
998146827
999242040
999242041
998961916
998961917
998961914
1000117866
998138613
999093416
998715303
998715306
1000125012
1000028146
1000043660
997892384
1000028142
999808064
998565496
997874567
999752091
997837621
1000098959
999797824
999658587
999527114
998234439
998488101
999666571
1000005616
998762074
999141564
998714816
998018464
999371728
999371727
998234441
999812495
999919844
1000151102
999440240
999505748
999694881
999676030
998237808
999658536
1000005795
1000005792
1000005798
998962721
1000105508
999637733
999575169
999575168
999925414
999575170
997833980
999915652
1000058978
997823044
999538262
997986446
997901350
1000133065
997901346
1000133749
1000133748
1000133747
999858470
1000154142
999915487
997865299
998230432
998230439
999195350
999341528
999811492
998718165
998641639
1000154147
999207986
998231404
999873889
998231406
999389755
998012200
998254545
1000113401
999654660
999654661
999363108
999250801
999822386
999654657
999915633
998117990
999915637
999345211
999820084
998117986
1000050562
999593790
999911306
999365578
999443191
999951117
999440052
998537464
1000007126
999342035
997857096
1000052557
1000002189
999238731
997840349
999241653
999340505
999253741
1000114435
997846025
999242827
1000111384
1000153809
998636255
998636257
999270313
999922750
998786738
1000007790
999646871
998570103
1000114440
1000007788
997905930
998018826
999965537
997832261
998132416
999444501
1000100101
999505058
998130093
998274559
998368714
999914036
999210865
998368720
1000010938
999960335
999233714
997970112
998209917
999713103
999368394
999656611
999656608
999656604
999656605
999656603
999572111
999244898
999406902
998556442
998556445
999966539
998402141
999273066
999273065
999273063
999252139
998153648
998153649
998153646
998153647
998153644
998153645
998153643
999925228
998230671
998230669
998230668
999925231
998131287
998131288
998131290
998369187
997886367
999636775
999917816
999908840
999908841
997966358
999524414
999649965
997883594
998551897
998165657
998165656
998072377
999058453
999058456
998165660
999961756
998167231
998651801
997947029
999649260
997885018
999671261
999525071
1000134653
999671255
998587604
1000134656
999243750
999235052
999243743
999243747
999866056
998392928
1000138538
998651621
997835211
998172506
998461584
999231167
999231168
997931235
999392021
999235767
999235763
997931241
998177545
999696805
999960199
998008910
998223734
1000150565
1000150563
1000150568
1000150567
998105615
999594359
998208005
998208004
998111505
998111509
998111507
999290893
998278042
1000133823
999832398
998267469
999949302
999645749
997853772
999967608
1000137735
997900075
1000112090
998629533
998148044
999811561
999230748
999244662
999244665
999772737
1000137746
999239116
1000137742
1000137743
1000137744
998231215
998556620
999471457
1000137740
998131107
999339964
999725583
999690331
997873053
999915827
998364464
998251853
999915823
999915824
999517225
999526672
998571862
999526681
997886195
999595122
997880729
998370083
1000056603
1000150497
998886549
997985960
999921672
999444514
998120104
999995348
999243752
999243758
1000000905
999574716
1000117421
997946601
999153169
1000118177
1000118179
999251176
998707520
998565518
998745813
998565514
1000110118
999972766
998528965
998528964
998972604
998972602
999472316
999554849
999472313
998119680
999710631
999141536
999736372
999985731
998165347
999710625
999710626
1000049021
998257624
1000148866
998257623
998326596
1000113238
998149791
997900878
998964362
998679383
1000031102
997820268
997820262
999538436
999637714
999819805
999960002
999637719
999637717
998989496
999637720
1000073866
999523587
997784312
999236212
999552583
999236219
999676649
999710113
997833992
998098523
998051686
999965538
998051683
998870092
998288205
997886026
997886023
997886025
997886024
999472950
999445483
999237508
999237509
1000150772
999816045
998231424
1000154821
999654674
999198470
999654680
999597210
998694459
998025285
999367667
999593762
997902153
999593768
999593767
999593766
999674608
999526842
999674610
998352588
999799712
999759362
1000002732
1000002739
1000002738
1000002737
997800029
999562964
998576534
1000112583
999507830
999820050
998456811
1000082932
999620384
999654900
997845966
997925232
999928466
999926678
998163883
999230317
999883928
998964606
998964609
999967099
998365982
999737192
999666344
997850530
1000007766
999589662
999444521
997853221
998016119
999439932
999439935
1000048446
998100720
999444515
1000105724
999444517
998714732
997867276
998132401
999784159
999629949
999410870
998337953
999316023
999471975
999316027
997781235
998917198
999677358
999997933
998654497
999677352
997879535
997879536
999555629
1000133961
999406884
1000115362
1000111128
997817987
999684589
999251627
1000124083
999791836
1000144221
998138789
997984533
999203956
999236424
998465499
997844785
998556301
998120158
999710468
1000152942
999656031
999369152
999442954
999491510
998700990
1000009060
999442958
999710145
998017893
998017899
1000141599
997856604
1000141600
998260986
999386079
1000137916
998127140
999538609
999909244
998832371
999751737
998711621
998262719
997883759
998408893
1000131130
1000025255
999961812
1000131122
1000131123
1000131128
1000131126
999093919
999588493
999093242
1000052544
997947080
999826248
998565702
999475071
999235737
1000083129
998565707
998565708
997887644
999807921
999517054
999240243
999240244
999517057
999799979
999799978
999267033
999918189
998120000
999389607
998111140
1000142943
999392039
999346352
999370671
999241048
997819630
999449506
999415419
998884954
1000150317
998715318
999650809
1000137301
999241680
997867404
999290913
997898178
1000133805
1000133808
997879111
999241801
999326151
1000121140
999410246
999689546
998131905
998131906
998131908
999234404
999594633
999365247
999772411
998144009
998144008
999709886
1000099551
999237162
1000099548
997865552
997831158
998464639
999923895
999690837
999690838
999239092
999239095
999392196
999392197
998231196
999392195
999392193
999812761
999409907
1000158001
999409911
1000157994
999915844
999367874
999916238
999230462
997970036
997880704
1000107475
1000118954
1000110183
999684016
999318170
997979995
997985434
998099548
997856753
1000111160
999241992
998222781
1000154169
1000154168
998262947
998262949
998262943
998262944
999648809
997946615
1000154166
997992503
997774450
999550311
997934395
998531119
999494476
1000154171
999908407
998565459
999808105
997781567
997781568
997781298
998660339
998126070
998358299
999705096
998528982
998326724
999210675
1000006091
998118236
998118233
998118234
998257603
998257607
997971020
998149495
999267440
1000148891
1000151144
1000151145
1000151143
1000025981
997900853
999832990
997817637
999094107
999570158
998415121
998716793
998716792
998716795
998716794
999675982
997867552
999387148
999208844
999387150
1000029486
998230455
998230452
998230456
999648983
997833793
997833795
999385395
999241130
999241128
997886005
997886004
997886003
997886008
999709661
998230399
998230398
998230396
998230394
998700970
999658842
999654698
998262961
997819380
997868470
999589039
999798094
999674586
999674588
999674583
998101291
999924346
999882025
999999413
1000134994
998902881
997857140
998180386
999341751
998918593
999811223
999331654
997827169
999674540
999658187
999219105
998231368
998231091
999909384
998444708
998119200
998204092
998119646
999240099
1000046620
1000158679
999230295
998688354
999737221
999230297
997963432
997963434
997853338
1000007823
997853332
998660908
999285123
998377178
1000048431
999697961
998607930
998600388
998019340
997811647
998600701
1000025320
999457495
999457496
998151087
999457500
999481140
999398077
999252244
1000125669
1000100735
998236629
1000007843
998372943
998164196
1000149155
998570640
1000149152
998692203
999229386
998692211
998366294
999336981
998368631
999639728
999086376
999637731
1000002605
999366573
999315474
999364821
998692427
999685169
998264396
999597237
998017918
999236230
998228810
1000140730
999133255
998628231
1000134980
997927513
1000131108
1000131110
999444041
998361086
998361089
998565685
999329061
1000148843
997781757
999977903
1000114593
1000114594
997928653
1000114599
999232429
999412349
1000156283
998695698
998371979
999213480
999711001
998382208
999213475
999714895
999213476
999213477
1000063638
999779409
999654543
1000063635
999428168
998902420
999654550
1000063641
1000097096
999650824
999385915
998414325
997763862
999666481
999905761
998714687
997970214
998401524
997865797
1000133782
997937350
998181204
999241641
999851481
999241633
1000081523
997853817
999812748
999812742
999812745
998096427
1000134977
999819850
999345291
1000106341
999915660
997830421
999341253
999690814
999230239
999690816
999254960
999690821
999198006
999812777
998206290
998278093
999920487
1000065145
999778056
999242437
999697274
998678284
999242433
999152741
999646868
999646864
999646863
999646870
999632243
998019689
998207946
998912809
998912802
999632245
997931233
998164604
999956485
1000082578
1000138286
999632344
999632346
999632348
999918571
998223602
998223603
999918567
998944138
999997474
998944136
998944133
999230703
999230708
1000051847
999230091
997900450
999230087
999242017
998709026
1000138836
998961939
999472585
999472582
999472588
999812026
999472586
1000100290
998565475
998565473
999690829
998565478
999229220
999689352
998642567
999054600
999752102
999595561
1000084143
998371721
998371716
999317900
1000118950
997913137
1000137774
1000137775
998675827
999132024
1000118947
999132021
999710587
999710583
999710584
999977845
998412582
999003096
998170545
999387583
999911476
999529918
998261684
998143899
999251360
999251353
999100563
999251358
999251357
997979088
997820552
999637681
999917378
999637676
999637677
999917375
1000003167
998155010
1000110270
998451606
1000110268
1000110269
1000110267
1000110265
998019077
999381947
998369682
998548334
999636657
999241068
999241064
999654853
998283244
999654859
999369964
999247591
998602573
998602572
1000119331
998230378
998230372
998230375
998202874
999491078
1000154135
999822124
999529016
998117128
998599854
1000154138
1000154136
999637550
1000091112
999820147
999905798
1000151530
999820143
999820142
999820145
1000046186
999958088
997950386
998543815
997766690
999290901
1000158323
999290898
999608148
999665691
999608144
999341249
1000112771
999608150
999233511
999915650
999233509
999233505
999659369
999811661
1000002242
1000120704
998119519
999537325
999658170
999658169
998004733
998456851
998969032
998119520
999507966
999365523
999346900
998111224
998111225
998111223
999960136
998111226
1000149069
999907526
999490935
998231064
998231062
997934189
999235453
1000002554
999235457
999594190
999594191
998100081
1000100989
999594183
999594185
999365018
999594189
997986135
1000086047
1000086046
999661943
998131698
999457512
997986516
999402331
999547565
998557132
1000120516
999864241
999229364
999474261
999689587
998203443
997845921
999983718
1000007140
998661860
1000007135
1000007139
999285281
1000147945
998443152
999530892
1000082806
997812447
999472241
1000044178
999472232
998090629
999472236
1000022610
997856568
999618346
999245628
999029767
999496824
999229805
1000134404
998903193
999399966
999399968
998763436
998556632
999911266
998543623
1000118371
1000131084
999638172
999638173
999638174
999638175
999797923
997979785
999235699
999607717
998565664
998234475
999977887
999977886
998081326
999922431
999977882
999977885
999977891
999240915
999710103
998220909
999710109
997832680
999232450
999352954
998456245
1000114580
999922945
999496243
999238877
999370711
998114222
999370954
1000138136
1000138134
1000138132
999445064
999449544
999449546
999449549
999449548
998203285
997780162
998248292
997900400
999689541
997768510
998278520
999531447
999916358
1000007616
1000007613
997970159
997970153
999617464
999235750
1000133766
1000133762
999445446
1000119247
997793097
999483487
999483491
999237737
998131867
998131868
1000041135
999871034
999449715
997997991
1000123670
999814711
999915672
999157733
999157737
999875655
998110391
999255015
999594351
999594349
999911805
998012362
999594346
999594345
1000068271
998278118
998278114
998599691
999941501
999265041
1000002552
998595655
999265033
999265037
999935835
998102189
999901006
999935832
999935838
998626033
999315573
1000138265
1000153944
1000153947
1000142134
1000054294
999526430
999229185
999507636
1000054300
999689751
999689750
999241961
999241959
999481375
999241957
999241954
999243817
1000111201
999370391
998688693
999691501
999355995
999691499
999438559
999691493
999355996
999353850
999025551
999606078
999343556
999366119
998181025
999684130
999578787
999397038
999550095
1000007772
999774848
998018105
999937594
997892203
998207666
1000007776
1000137759
999318046
999318049
1000000271
999150944
998149458
998149459
998278327
998149453
999587871
998149460
997830958
999676321
997900894
999676312
999317246
997889063
999541592
999235981
999637661
999665739
999244210
999236161
999220224
999236155
1000110286
998117576
1000129138
999977898
998277922
998277923
999649221
999228736
999228740
999706255
999709693
997758501
998230359
997971781
999676932
998230361
997758498
999710327
998362386
999366531
999907386
999710323
999927475
998165622
1000062292
998715665
999569958
999576472
998628916
999370931
997931274
999241385
999710331
1000134908
999342758
999233524
999233526
999970004
999656502
1000113916
1000113917
1000113914
1000113912
1000113913
999626679
999389841
999389837
999389836
997846318
1000110226
999556432
999501609
999950031
999816226
1000080408
999002519
999950029
998163359
998574846
999962055
998163352
998163353
998163360
998163361
998020092
999940557
999594204
999594205
999594203
999242340
1000049214
1000083276
1000083279
998423169
997986113
997986116
997968404
999794572
998382805
999410930
1000077534
997986455
999845077
999555562
999629952
1000134406
999243094
999230428
999344877
997918695
999908531
999608160
998556370
999525175
1000134023
999525180
998019096
1000048390
1000048385
998599428
1000006765
1000006764
998377148
999660479
1000149458
998565636
999658784
999710778
999798507
1000129628
1000110222
998414084
999402340
997944698
999574356
999574358
998655043
999481338
999878249
999678684
998715230
1000110228
1000158302
999807987
999340658
997832244
999155973
999447524
999278151
999802652
999251171
1000123667
1000123668
1000082976
999251164
999507144
999783744
999684578
999710235
998118260
998118257
999569412
999444860
999240183
999240186
1000114556
1000114557
1000114558
998203488
998203483
1000114553
1000114555
999710129
999710128
999710127
997886543
998017880
999710124
999710123
999710122
998017877
1000072117
999491485
997909565
999370975
999470338
999104445
999371451
997901365
999243118
1000143297
998413708
1000110250
998709591
997927479
1000110242
997900415
1000142641
999888950
1000082999
999538187
999621845
999922838
997980995
999688744
998636095
999920216
999768655
1000008495
1000008499
1000119674
998181166
999371890
998132020
1000110426
998180065
998550834
997930569
1000154180
998131886
1000154178
1000154179
998131891
999234699
1000154175
1000154173
999556765
999556768
999445296
998658755
998603700
999593378
999593379
1000150647
998658761
999593381
998334693
998231729
998604785
998278057
998149092
998278059
998658065
998278061
1000147878
999233648
998070223
998155930
999367893
998762851
1000084882
997837048
1000084891
999315347
1000111171
997967796
997846106
997846104
997846103
997878950
999770026
999812273
998973454
999340571
999241930
999230665
999254997
998118634
998234793
999241976
999241978
999481357
999632412
999481353
999972771
997814620
999316730
998714815
999550801
998644894
997782681
998629596
997810694
997810695
997810692
997810697
999659354
999659358
1000008091
999226315
999652005
999108033
999960795
997770389
998451120
1000052362
1000052363
1000158112
999710630
1000105151
999529877
998415136
997886486
997886482
999909096
999909099
998005166
999229178
999521016
998370636
999251081
999228770
999208789
999691664
998370641
999440288
999984916
999408306
998713023
998969699
999710319
999710318
998277908
999003149
999710320
1000156479
1000106281
999654892
998166942
999654894
999368291
999370004
1000049227
1000049226
1000006546
998565651
998565650
998591163
998565643
998565647
998565646
998565648
998962736
998962738
998099076
999370610
999671573
999235891
1000134923
998025028
999449611
999771013
998165663
999449605
998301713
999779486
999815170
999341683
999806908
1000113896
1000113898
998658555
998603303
998278080
999010785
997879252
999589375
1000133950
999501590
1000143484
999049584
998995141
1000133949
998163373
999370181
1000035544
999803329
999355829
997853318
997899683
997853313
1000007842
1000134976
1000134977
1000134979
999477907
999477909
1000134975
997898480
998454136
1000083255
1000133574
1000133573
1000133572
997968429
999091414
1000131309
1000137629
1000007833
1000131311
1000131310
998131655
999457479
998131029
1000134667
998600136
999242455
999242452
999242453
999646829
999966472
999249343
998372891
998372890
999409129
998231788
998372888
1000152004
999229409
999229403
998268493
997826886
999665689
999665688
998758042
998377234
998377237
1000154139
999697462
1000154137
1000154140
1000154141
998599405
998599403
999054072
998654078
1000002595
999935647
999935650
1000134663
999914641
998262811
998262810
1000000788
999402284
999402289
999402287
999402286
997993140
999576794
999576793
999245584
999571910
998456246
998456248
998565413
999689535
999689532
999689533
999230004
997943748
999520005
999520006
998565699
999657112
999924198
999924195
1000083096
998709330
999336996
1000083097
1000083094
1000005694
999525074
999778288
999813471
999240164
999240166
999677549
999710068
1000151008
1000009134
997900620
998964327
999410305
999714428
998662808
999710353
999916312
999346723
999338380
999958587
999958583
997927457
999673023
998167232
999878247
1000082977
999607988
999311755
999572305
998005167
998209199
999607358
1000006391
997780152
999098250
1000154152
999234985
998224934
999654419
998372613
998584740
999445319
1000025132
1000106275
1000106272
998364302
1000106279
998131016
998721518
998973479
998167716
997758572
1000052166
998202554
999821827
999962353
998691059
999212767
999537459
998604771
998278077
999799554
999228679
1000002600
999915072
1000054518
1000002599
997759362
1000069624
999093056
999910326
999391331
998177034
998565578
998944112
997976736
998599545
999844375
999695247
998118385
999235232
999235238
999237756
998589951
999646816
999241947
997847038
1000007722
999241951
998235075
